RALEIGH-DURHAM AIRPORT TEMPERATURE RECORDS FOR JANUARY
Rec		Rec			
Rec			Rec		Low		High		Rec	
Day	Max	Year		Min	Year	Max	Year	Min	Year	Pcpn	Year
-----------------------------------------------------------------------------------------------------------------------------------------------------------------------------------------------------------
01/01	75	1985		12	1918	26	1918	55	1979	1.57	1987
01/02	79	1952		8	1928	24	1928	56	1966	1.08	2017
01/03	74	2000		9	2018	22	1918	55	2000	1.74	1992
01/04	76	2005		6	1918	24	1896	58	1950	1.02	1992
01/05	76	1950		6	1981	27	1959	59	1950	1.75	1889
01/06	73	2005		7	1924	24	1924	61	1950	2.71	1962
01/07	75	1907		4	2018	21	1988	64	1913	1.18	1894
01/08	76	1907		7	1970	20	1970	62	1998	1.29	1932
01/09	73	2008		0	1970	20	1970	63	1937	2.18	1895
01/10	75	1930		3	1970	26	1893	63	1937	3.01	1984
01/11	76	1890		4	1982	22	1962	57	1974	1.68	1991
01/12	76	1890		6	1981	23	1981	56	2018	1.62	1915
01/13	78	2005		4	1981	20	1912	61	2005	1.45	1948
01/14	79	1932		6	1912	22	1912	61	1995	1.55	2005
01/15	79	1907		9	1994	27	1957	61	1932	1.92	1995
01/16	73	1974		3	1994	17	1972	55	1947	1.70	1924
01/17	77	1943		-1	1977	20	1977	62	1943	1.75	1946
01/18	77	1937		3	1977	25	1977	60	1943	1.90	1943
01/19	73	2001		2	1994	18	1994	57	1900	2.04	2002
01/20	74	1951		-3	1985	28	1970	55	1890	1.15	1889
01/21	75	1933		-9	1985	17	1985	58	1954	1.44	1979
01/22	76	1937		0	1970	27	1970	63	1937	2.61	1954
01/23	77	1999		8	1977	27	1970	59	1999	1.57	1896
01/24	77	1967		7	1963	27	2014	55	1909	1.85	1913
01/25	78	1950		8	1963	28	2013	59	1909	2.03	2000
01/26	78	1950		10	1940	24	1961	61	1950	1.34	1921
01/27	76	1890		8	1940	25	1940	62	1890	2.15	1913
01/28	78	1944		1	2000	24	1986	59	1944	2.35	1952
01/29	78	2002		7	2000	27	2014	58	1957	1.30	1917
01/30	80	2002		7	2014	19	1966	61	2013	1.09	2000
01/31	77	1950		3	1966	27	1936	58	2002	2.05	1960
-----------------------------------------------------------------------------------------------------------------------------------------------------------------------------------------------------------
RALEIGH-DURHAM AIRPORT TEMPERATURE RECORDS FOR FEBRUARY
Rec		Rec			
Rec			Rec		Low		High		Rec	
Day	Max	Year		Min	Year	Max	Year	Min	Year	Pcpn	Year
-----------------------------------------------------------------------------------------------------------------------------------------------------------------------------------------------------------
02/01	79	2002		8	1981	28	1900	54	1988	1.25	1985
02/02	79	1989		5	1971	31	1994	60	1988	3.22	1973
02/03	83	1989		7	1980	24	1996	60	1939	3.00	1920
02/04	76	1957		7	1981	19	1996	54	1890	1.25	1998
02/05	78	1890		0	1996	22	1917	60	1890	1.37	2010
02/06	77	2008		9	1917	26	1923	61	2008	2.89	1896
02/07	76	2017		12	1995	28	1907	59	1904	1.11	1899
02/08	75	2009		4	1895	17	1895	56	1891	1.33	1906
02/09	74	1994		9	1895	29	1934	60	1937	2.29	1939
02/10	75	1938		8	1979	24	1899	59	1925	1.75	1946
02/11	80	1932		10	1899	18	1899	64	2018	1.03	1903
02/12	83	2017		6	1973	13	1899	60	1932	1.62	1906
02/13	78	1951		4	1899	10	1899	52	1984	1.67	1960
02/14	78	1989		-2	1899	27	1916	53	1959	2.29	1922
02/15	82	1989		6	1899	29	2015	61	1989	1.66	1922
02/16	81	2018		11	1905	27	2015	62	1990	1.88	1987
02/17	78	1927		7	1958	18	1958	64	1891	1.55	1998
02/18	78	2011		7	1958	19	1979	66	1891	1.16	1979
02/19	76	1939		11	1979	23	2015	62	1938	1.65	1924
02/20	75	1939		7	2015	26	2015	62	1939	2.84	1905
02/21	77	2018		8	1896	30	1896	63	2018	1.19	1961
02/22	78	2018		11	1968	30	1963	61	2018	1.40	1889
02/23	79	1980		7	1978	29	1901	57	1962	1.55	1984
02/24	81	1982		13	1901	19	1889	58	1985	1.58	1966
02/25	82	1930		8	1967	27	1967	60	2018	1.27	1979
02/26	84	1977		11	1967	34	1993	59	1890	1.92	1891
02/27	82	1997		9	1963	26	1934	61	1917	1.72	1923
02/28	81	2011		13	1934	32	1934	61	1910	1.53	1903
02/29	78	1972		24	1956	39	1916	51	1976	0.99	1892
-----------------------------------------------------------------------------------------------------------------------------------------------------------------------------------------------------------
RALEIGH-DURHAM AIRPORT TEMPERATURE RECORDS FOR MARCH
Rec		Rec			
Rec			Rec		Low		High		Rec	
Day	Max	Year		Min	Year	Max	Year	Min	Year	Pcpn	Year
-----------------------------------------------------------------------------------------------------------------------------------------------------------------------------------------------------------
03/01	82	1997		11	1980	28	1980	61	1910	1.38	2009
03/02	82	1976		11	1980	20	1980	64	1997	1.82	1994
03/03	87	1976		12	1980	34	1953	59	1934	1.66	1952
03/04	87	1976		13	1943	34	1912	60	1955	2.00	2008
03/05	83	1967		15	1960	30	1960	65	1976	1.04	1929
03/06	82	1967		11	1960	32	1901	64	1967	3.40	1932
03/07	85	1974		15	1960	30	1920	64	1956	1.72	2014
03/08	87	1974		17	1920	30	1989	60	1946	1.66	1942
03/09	84	2009		17	1996	24	1960	61	1921	1.15	1887
03/10	81	1974		16	1932	38	1960	57	2016	1.27	1936
03/11	85	1925		18	1960	37	1910	63	2016	1.31	1888
03/12	90	1990		19	1969	38	2018	60	1990	1.77	1891
03/13	88	1990		20	1998	36	1940	62	2006	1.80	1975
03/14	86	1990		16	1926	34	1993	65	1918	2.00	1999
03/15	87	1973		14	1993	37	1937	60	1990	0.96	1913
03/16	86	2016		20	1970	36	1960	68	1990	2.14	2007
03/17	92	1945		18	1981	32	1892	65	1942	1.33	1965
03/18	85	2011		19	1967	36	1892	60	1945	3.17	1983
03/19	88	1945		19	1967	40	1958	60	1927	1.72	1998
03/20	88	1948		22	1923	41	1981	65	1948	1.97	1895
03/21	89	1968		17	1965	33	1914	64	1921	1.69	1888
03/22	89	1907		22	1986	40	1943	65	1894	1.42	1931
03/23	93	1907		20	1888	41	1989	62	1991	2.51	1903
03/24	88	1929		23	1971	32	1934	64	1907	1.54	1952
03/25	87	1939		21	1940	36	1940	66	1913	1.25	1958
03/26	87	1929		22	1940	33	1971	66	1913	1.18	1888
03/27	87	2007		20	1955	38	1894	65	1949	1.46	1891
03/28	91	1907		20	1969	40	1996	65	1907	1.57	1984
03/29	94	1907		20	1966	38	1887	66	1907	2.65	1990
03/30	87	1985		24	1893	37	1970	65	1924	1.61	1898
03/31	88	1910		23	1964	39	1887	65	1938	1.53	1962
-----------------------------------------------------------------------------------------------------------------------------------------------------------------------------------------------------------
RALEIGH-DURHAM AIRPORT TEMPERATURE RECORDS FOR APRIL
Rec		Rec			
Rec			Rec		Low		High		Rec	
Day	Max	Year		Min	Year	Max	Year	Min	Year	Pcpn	Year
-----------------------------------------------------------------------------------------------------------------------------------------------------------------------------------------------------------
04/01	89	1974		23	1923	34	1887	67	2016	0.89	1948
04/02	90	1967		26	1923	47	1915	62	1945	2.31	1901
04/03	91	1967		25	1992	35	1915	62	2000	1.11	1915
04/04	88	1934		28	1992	42	1899	63	2017	1.24	1941
04/05	90	1942		29	1992	41	1944	64	1910	2.08	1993
04/06	93	1967		28	2004	42	1931	65	1967	2.20	1936
04/07	91	1967		27	2002	42	1907	66	1929	2.50	1899
04/08	89	1929		27	2007	43	1972	65	2001	2.30	1895
04/09	91	1893		23	1972	41	1927	65	1893	2.09	1897
04/10	90	2001		23	1985	44	1928	65	2015	1.37	1928
04/11	90	1930		27	1960	43	1928	68	1922	1.91	1944
04/12	94	1930		26	1973	47	1918	67	1948	1.65	1959
04/13	89	1922		28	1975	40	1959	66	1930	1.43	1923
04/14	91	1941		27	1950	45	1907	71	1922	1.42	1947
04/15	92	1941		27	1950	48	1943	64	1993	2.22	1983
04/16	92	1941		28	1950	46	1890	64	1912	2.64	1933
04/17	93	1896		29	1962	42	1895	67	1896	2.55	1910
04/18	95	1896		30	1983	45	1983	65	1922	0.81	1924
04/19	93	1941		29	2001	45	1983	67	1896	1.71	1988
04/20	93	1896		28	1983	48	1892	67	1896	2.08	1918
04/21	90	1985		28	1983	46	1901	70	1896	1.21	1992
04/22	92	1985		32	1978	50	1901	66	1909	1.93	1912
04/23	95	1980		33	1986	45	1901	66	1920	1.11	1945
04/24	93	1960		31	1986	53	2005	67	1925	4.51	2017
04/25	93	1925		29	1969	53	1941	71	1925	2.31	1937
04/26	93	1990		34	1919	47	1918	68	2011	3.37	1978
04/27	92	1990		32	1976	51	1898	68	2011	1.75	1960
04/28	90	1957		32	1976	47	1928	69	2017	2.02	1958
04/29	91	1914		35	1973	49	1999	72	2017	1.26	1999
04/30	90	1906		33	1961	58	1999	70	2017	2.45	1909
-----------------------------------------------------------------------------------------------------------------------------------------------------------------------------------------------------------
RALEIGH-DURHAM AIRPORT TEMPERATURE RECORDS FOR MAY
Rec		Rec			
Rec			Rec		Low		High		Rec	
Day	Max	Year		Min	Year	Max	Year	Min	Year	Pcpn	Year
-----------------------------------------------------------------------------------------------------------------------------------------------------------------------------------------------------------
05/01	92	2007		36	1963	57	1978	68	2017	1.17	1989
05/02	92	2010		29	1963	53	1939	72	2010	1.40	1939
05/03	93	1959		37	1978	57	1921	72	2010	1.95	1972
05/04	94	1938		34	1971	49	1946	68	1938	1.12	1917
05/05	92	1955		35	1973	54	1921	67	1950	1.58	2012
05/06	95	1950		34	1973	55	2005	69	1950	2.32	1958
05/07	92	1959		35	1970	49	1992	68	1935	1.42	1931
05/08	95	1940		36	1989	50	1917	68	1930	2.10	1960
05/09	94	1889		32	1956	54	1893	70	1936	1.04	1929
05/10	94	1896		31	1977	58	1966	70	1927	1.72	1905
05/11	95	1896		33	1977	59	1989	70	1896	4.33	1957
05/12	95	1896		35	1969	58	1960	73	1896	1.28	1974
05/13	93	2000		40	1960	56	1919	72	1933	1.56	1921
05/14	94	2010		39	2013	53	1954	70	1933	3.00	1950
05/15	95	2010		41	1895	56	1954	69	2009	3.38	2014
05/16	94	1941		38	1973	55	1935	70	2009	3.21	1898
05/17	92	1947		36	1984	57	1895	71	1899	2.30	2010
05/18	95	1906		35	1973	59	2003	72	1896	3.24	1894
05/19	95	1962		41	2002	58	1981	69	2015	1.90	1991
05/20	94	1938		39	2002	53	1981	69	1943	1.70	1935
05/21	96	1941		44	1994	56	1888	71	1898	2.60	1931
05/22	97	1941		40	1968	56	1967	69	2013	2.95	1901
05/23	98	1941		38	2002	62	1931	72	1953	1.27	1974
05/24	95	1944		42	1931	57	1935	70	2011	1.62	1939
05/25	93	2011		41	2013	64	1938	71	1933	1.40	1960
05/26	94	1953		43	1979	58	1992	73	2011	3.02	1946
05/27	96	1916		41	1961	60	1891	72	1991	3.56	1932
05/28	99	1941		37	1961	59	1968	74	1914	1.37	1971
05/29	98	1941		47	1968	56	1971	72	2012	2.46	1984
05/30	95	1895		48	1946	60	1930	70	2011	1.69	1948
05/31	98	1895		44	1996	62	1967	73	1895	2.29	1889
-----------------------------------------------------------------------------------------------------------------------------------------------------------------------------------------------------------
RALEIGH-DURHAM AIRPORT TEMPERATURE RECORDS FOR JUNE
Rec		Rec			
Rec			Rec		Low		High		Rec	
Day	Max	Year		Min	Year	Max	Year	Min	Year	Pcpn	Year
-----------------------------------------------------------------------------------------------------------------------------------------------------------------------------------------------------------
06/01	99	1895		42	1984	59	1967	74	1918	1.83	1907
06/02	99	1951		43	1966	62	1915	76	1918	2.10	1888
06/03	100	1895		49	1956	60	1988	73	1980	2.61	1957
06/04	98	1943		46	1988	67	1997	75	1895	1.29	2004
06/05	102	1943		45	1997	57	1926	76	2008	1.57	1910
06/06	99	2008		44	1954	59	1997	76	2008	1.71	1932
06/07	100	2008		47	1977	61	1997	74	2008	5.14	2013
06/08	101	2008		38	1977	63	1891	75	1899	1.71	1943
06/09	100	2008		47	2002	58	1913	75	1993	3.29	1943
06/10	101	2008		48	1997	64	1913	74	2010	2.82	1982
06/11	100	1914		44	1972	62	1913	74	2008	1.06	2012
06/12	98	2002		43	1972	59	1913	75	1986	2.29	1965
06/13	100	2002		50	1903	64	1906	74	2015	2.63	1907
06/14	97	1944		46	1985	70	2007	76	2005	5.64	2006
06/15	99	2015		48	1979	63	1927	76	1899	1.55	1929
06/16	100	2015		52	1997	62	1965	75	1998	2.30	2017
06/17	99	1945		50	1961	66	1979	75	2004	2.74	1909
06/18	98	2015		47	1961	64	1927	75	1935	3.34	1967
06/19	102	1944		49	1965	69	1920	73	2010	2.08	1938
06/20	102	1887		54	1966	62	1926	77	1924	2.00	1947
06/21	101	1933		52	1944	69	1992	75	1933	1.59	1972
06/22	100	1981		53	1992	71	1958	78	1933	2.26	1903
06/23	100	1986		50	1992	63	1936	77	1890	2.87	1887
06/24	99	2010		51	1947	66	1936	76	1888	2.90	1973
06/25	100	1952		54	1936	72	1965	77	2010	3.35	1980
06/26	102	1952		52	1979	73	1965	76	1902	1.85	1892
06/27	104	1954		53	1985	70	1961	76	1952	0.99	2015
06/28	100	1959		53	1988	69	1961	76	1952	2.80	1932
06/29	105	2012		51	1970	74	1962	78	1914	2.77	1889
06/30	105	2012		52	1919	73	1943	80	1936	1.32	1939
-----------------------------------------------------------------------------------------------------------------------------------------------------------------------------------------------------------
RALEIGH-DURHAM AIRPORT TEMPERATURE RECORDS FOR JULY
Rec		Rec			
Rec			Rec		Low		High		Rec	
Day	Max	Year		Min	Year	Max	Year	Min	Year	Pcpn	Year
-----------------------------------------------------------------------------------------------------------------------------------------------------------------------------------------------------------
07/01	103	2012		53	1919	64	1943	75	2012	1.96	1934
07/02	101	1954		48	1975	70	1923	78	1931	1.81	1946
07/03	101	2012		56	1957	74	1981	75	1941	1.48	2016
07/04	101	2012		54	1933	69	1968	79	1902	4.83	1931
07/05	102	1999		54	1996	63	1892	78	1902	3.26	1941
07/06	102	1999		54	1979	66	1892	79	1900	2.05	1898
07/07	102	2012		55	1951	72	1961	77	1900	1.85	2005
07/08	105	2012		53	1979	72	1950	78	1986	1.88	1887
07/09	101	1999		53	1984	69	1891	74	2014	1.40	1934
07/10	99	1993		54	1963	76	1908	77	1981	2.21	1970
07/11	99	1993		49	1963	74	2002	77	1981	2.67	1991
07/12	101	1888		55	1963	67	1999	78	2011	2.00	1962
07/13	98	1951		54	1963	68	1999	78	2017	3.41	1941
07/14	101	1954		57	1933	71	1999	77	2017	3.05	1914
07/15	99	1997		58	2001	70	1930	76	1992	4.21	2014
07/16	101	1887		58	1960	73	1930	77	2010	2.63	1945
07/17	100	1887		56	1946	72	1989	80	1887	2.05	2007
07/18	103	1887		54	1946	70	1896	79	1887	1.92	1979
07/19	101	1902		60	1946	72	1910	80	1942	2.34	1949
07/20	102	1942		60	1910	70	1929	76	1981	2.42	1939
07/21	102	2011		59	2001	65	1929	78	1932	2.72	1905
07/22	103	2011		55	1974	72	1970	78	2011	2.65	1946
07/23	105	1952		54	1947	76	1921	78	2011	1.78	1919
07/24	101	2011		57	1947	72	1904	79	2011	4.18	1997
07/25	102	2010		56	1947	68	2000	80	2010	1.76	1985
07/26	101	2005		58	1947	74	1920	77	2010	1.77	1937
07/27	104	1940		55	1962	72	1909	78	1940	2.45	2001
07/28	104	1952		52	1962	73	2001	77	1936	2.92	1903
07/29	104	2011		55	1946	67	1984	78	1896	2.82	2004
07/30	101	1953		56	1946	73	1936	78	1931	3.70	1888
07/31	104	1999		55	1914	71	1936	77	1917	2.70	1931
-----------------------------------------------------------------------------------------------------------------------------------------------------------------------------------------------------------
RALEIGH-DURHAM AIRPORT TEMPERATURE RECORDS FOR AUGUST
Rec		Rec			
Rec			Rec		Low		High		Rec	
Day	Max	Year		Min	Year	Max	Year	Min	Year	Pcpn	Year
-----------------------------------------------------------------------------------------------------------------------------------------------------------------------------------------------------------
08/01	104	1999		56	1997	73	1891	77	1917	3.30	1891
08/02	101	1953		58	1997	70	2014	78	1942	1.37	1893
08/03	100	1942		58	1985	73	1909	79	1935	5.27	1915
08/04	99	1935		55	1985	65	1912	78	1935	3.04	1931
08/05	100	1953		56	1912	66	1894	76	2011	2.65	1931
08/06	99	1918		56	2004	69	1894	77	1930	4.31	2011
08/07	100	1999		52	1948	70	1897	78	1918	2.30	1892
08/08	102	2007		55	2002	73	1935	78	1918	2.63	1928
08/09	104	2007		58	2002	71	1990	78	2007	2.89	1905
08/10	104	2007		55	1944	64	1989	77	1900	1.39	1934
08/11	101	1999		59	1972	68	1989	78	2010	2.11	2001
08/12	99	2002		54	1954	68	1922	77	1900	3.78	1992
08/13	99	2002		50	1979	74	2008	77	2016	2.23	1901
08/14	100	1995		53	1941	71	1992	78	1995	4.36	1940
08/15	99	2007		51	1964	69	2004	77	1995	1.98	2003
08/16	101	2007		56	1963	69	1964	76	2007	3.03	1998
08/17	99	1997		52	1979	73	2013	75	2017	4.12	1955
08/18	105	1988		53	1981	73	1923	77	1995	3.00	1939
08/19	103	1988		58	1977	69	1981	77	1988	2.08	2012
08/20	103	2007		54	1998	72	1976	75	2007	4.18	1986
08/21	105	2007		54	1981	69	1949	76	2009	1.86	1908
08/22	101	1983		53	2000	64	1981	74	2017	1.68	1947
08/23	103	2002		52	1997	61	1923	75	2007	2.11	1916
08/24	100	2002		52	1890	71	1923	75	1914	5.70	1908
08/25	99	2007		53	1952	69	1957	75	2007	2.08	1927
08/26	101	1943		54	1942	64	1927	74	2011	2.70	1934
08/27	98	2016		53	1945	63	1927	76	1998	4.16	1887
08/28	100	1948		52	1986	65	1939	75	1900	2.83	1949
08/29	100	1948		49	1986	58	1891	75	1932	2.25	1890
08/30	103	1932		46	1965	66	1891	77	1932	2.99	1959
08/31	103	1932		49	1976	68	1893	77	1932	3.52	1952
-----------------------------------------------------------------------------------------------------------------------------------------------------------------------------------------------------------
RALEIGH-DURHAM AIRPORT TEMPERATURE RECORDS FOR SEPTEMBER
Rec		Rec			
Rec			Rec		Low		High		Rec	
Day	Max	Year		Min	Year	Max	Year	Min	Year	Pcpn	Year
-----------------------------------------------------------------------------------------------------------------------------------------------------------------------------------------------------------
09/01	101	1932		49	1946	70	2006	76	1932	2.41	1927
09/02	99	1912		50	1948	66	1915	75	1912	2.21	1969
09/03	99	2010		50	1958	68	1994	74	1993	2.79	1913
09/04	100	1925		50	1997	69	1974	74	1921	3.83	2006
09/05	97	1954		46	1997	66	1974	74	2012	4.84	1999
09/06	104	1954		49	1997	63	1928	74	2011	4.96	1996
09/07	99	1954		51	1984	66	1974	74	1910	2.26	1942
09/08	99	1941		49	1984	62	1918	76	1925	2.60	1977
09/09	99	1939		47	1951	68	1986	76	1939	2.53	1888
09/10	101	2007		44	1956	69	1935	75	1939	2.75	1976
09/11	99	2007		45	1956	64	1917	75	1915	1.48	1960
09/12	96	1983		46	1917	66	1958	75	1925	1.82	1971
09/13	94	1936		48	1985	58	1964	73	1915	2.36	1964
09/14	98	1897		42	1985	61	1963	73	2008	3.04	1904
09/15	95	1927		44	1985	58	1963	73	2008	3.95	1999
09/16	97	1956		46	2000	60	2011	75	1927	3.05	1945
09/17	97	1931		43	1966	61	2011	76	1931	3.41	1945
09/18	98	1896		46	1990	62	1961	74	1931	3.32	1928
09/19	98	1895		43	1959	62	1928	73	1896	2.56	1938
09/20	96	1895		44	1959	61	1969	73	1895	2.21	1969
09/21	98	1895		41	1962	58	1897	75	1925	1.62	1979
09/22	98	1895		42	1889	58	1929	73	1931	2.74	1923
09/23	99	2010		37	1983	60	1947	73	1895	2.03	1906
09/24	96	2010		39	1963	58	1887	71	2009	3.18	2014
09/25	98	2010		39	1950	57	1992	72	1930	1.42	2015
09/26	93	1933		37	1950	56	1940	73	1993	2.31	1956
09/27	94	1998		41	1947	55	1956	73	2011	2.68	1953
09/28	95	1998		38	1947	53	1984	70	2015	2.17	1999
09/29	92	1941		39	1970	55	1984	74	2015	2.70	1972
09/30	89	1954		39	1951	60	1890	73	1959	2.65	1944
-----------------------------------------------------------------------------------------------------------------------------------------------------------------------------------------------------------
RALEIGH-DURHAM AIRPORT TEMPERATURE RECORDS FOR OCTOBER
Rec		Rec			
Rec			Rec		Low		High		Rec	
Day	Max	Year		Min	Year	Max	Year	Min	Year	Pcpn	Year
-----------------------------------------------------------------------------------------------------------------------------------------------------------------------------------------------------------
10/01	90	1986		37	1993	56	1893	70	1919	5.96	1929
10/02	91	1986		32	1947	51	1958	72	1898	2.01	1969
10/03	91	2002		32	1974	56	1958	74	1898	1.23	2015
10/04	96	1954		31	1974	60	1996	74	1898	4.05	1995
10/05	96	1954		32	1974	55	1948	71	1941	1.44	1964
10/06	98	1954		35	1965	55	1935	72	2005	1.84	1899
10/07	93	1951		35	1935	55	1889	70	2005	1.59	1965
10/08	94	1941		35	1964	51	2000	74	2017	6.45	2016
10/09	94	2007		33	2000	53	1952	74	2017	3.97	1894
10/10	91	1939		31	2000	51	1951	75	2017	1.30	1959
10/11	89	2017		32	2000	50	1993	73	2017	5.33	2002
10/12	88	2010		29	1964	51	1891	68	1990	0.54	1942
10/13	89	1954		31	1988	49	1977	67	1926	2.44	1893
10/14	86	1985		29	1988	49	1977	70	2014	3.64	1994
10/15	88	1985		33	2006	54	1889	66	1942	4.04	1954
10/16	86	1925		32	1945	54	1940	69	1919	2.26	1932
10/17	88	1925		33	1977	54	1997	69	1925	2.01	1903
10/18	86	1938		29	1977	49	1927	68	1968	1.33	1887
10/19	88	2016		32	2015	50	1974	70	2007	1.84	1968
10/20	87	1926		28	1992	51	1972	69	1910	1.71	1944
10/21	84	1993		26	1974	50	1988	66	1915	2.22	1904
10/22	86	1947		26	1974	54	1930	67	1984	1.23	1912
10/23	88	1941		29	1998	46	1923	66	1984	1.89	1990
10/24	87	2001		26	1969	46	1903	70	2007	1.83	1913
10/25	84	1940		27	1962	46	1892	61	2010	2.04	1981
10/26	85	1940		27	1962	48	1962	64	2010	2.19	2007
10/27	87	2010		19	1962	49	1976	73	2010	1.95	1920
10/28	86	1919		27	1976	49	1976	69	1984	3.97	1947
10/29	83	1950		25	1976	47	1925	66	1984	0.87	2011
10/30	86	1996		24	1965	45	1925	65	1918	3.41	1917
10/31	85	1961		30	1963	42	1887	64	1896	4.18	1887
-----------------------------------------------------------------------------------------------------------------------------------------------------------------------------------------------------------
RALEIGH-DURHAM AIRPORT TEMPERATURE RECORDS FOR NOVEMBER
Rec		Rec			
Rec			Rec		Low		High		Rec	
Day	Max	Year		Min	Year	Max	Year	Min	Year	Pcpn	Year
-----------------------------------------------------------------------------------------------------------------------------------------------------------------------------------------------------------
11/01	88	1950		26	1954	50	1925	63	1919	1.89	1897
11/02	84	1974		27	1976	44	1951	68	1971	1.52	2015
11/03	84	1974		28	1996	46	1911	67	1929	1.79	1929
11/04	84	1946		25	1966	46	1939	67	1977	2.47	1904
11/05	85	2003		25	2006	46	1995	66	1977	0.75	1896
11/06	83	2003		23	1991	37	1953	65	2015	4.55	1963
11/07	80	2008		22	1967	46	1903	61	2003	2.40	2006
11/08	80	1986		20	1967	45	2017	64	1895	1.78	1996
11/09	83	2005		16	1976	43	1991	67	1895	3.80	1962
11/10	81	2006		24	1957	41	1991	64	1898	1.00	1895
11/11	80	2006		22	1957	38	1987	64	2002	2.97	2009
11/12	80	2015		22	1957	44	1895	62	1982	3.12	1975
11/13	80	1955		23	1977	39	1911	61	1929	2.52	1904
11/14	81	1999		20	1977	39	1976	61	1929	1.57	1940
11/15	86	1993		21	1969	37	1976	62	2011	1.62	1914
11/16	82	1955		17	1967	41	1916	62	2011	3.89	1920
11/17	78	1957		23	1997	42	1972	64	1930	1.14	1980
11/18	79	1942		21	1959	35	1924	65	1928	0.80	1902
11/19	79	1931		19	2014	36	1951	68	1906	1.86	2015
11/20	78	1991		19	1951	37	1914	63	1900	2.31	1952
11/21	79	1942		17	1914	36	1914	64	1991	1.97	1985
11/22	77	2011		21	2008	38	1929	64	1992	2.53	1907
11/23	82	1900		18	1971	35	1929	59	1900	1.23	1961
11/24	82	1973		15	1970	35	1970	60	2014	0.97	1971
11/25	79	1973		11	1970	38	1893	61	2001	1.47	1957
11/26	76	1990		14	1950	35	1938	59	1919	1.69	2014
11/27	83	1973		19	1977	32	1903	62	1985	1.68	1993
11/28	81	2001		18	1903	32	1903	65	1896	1.74	1948
11/29	77	2001		18	1955	32	1891	62	1934	3.96	1934
11/30	77	2016		15	1929	29	1929	65	2016	1.46	1902
-----------------------------------------------------------------------------------------------------------------------------------------------------------------------------------------------------------
RALEIGH-DURHAM AIRPORT TEMPERATURE RECORDS FOR DECEMBER
Rec		Rec			
Rec			Rec		Low		High		Rec	
Day	Max	Year		Min	Year	Max	Year	Min	Year	Pcpn	Year
-----------------------------------------------------------------------------------------------------------------------------------------------------------------------------------------------------------
12/01	76	1991		11	1976	29	1896	64	1991	1.06	1974
12/02	77	1991		20	1999	29	1896	69	1991	2.30	2009
12/03	77	1991		15	1979	32	1971	58	1982	1.95	1905
12/04	79	1978		15	1976	32	2002	60	1982	2.22	1931
12/05	76	2001		19	2000	31	1893	64	1912	1.36	1993
12/06	80	1998		19	1992	38	2010	65	2013	2.12	1983
12/07	80	1998		15	1954	34	1937	59	1998	1.22	1936
12/08	78	1998		13	1977	33	1934	65	1978	2.07	1920
12/09	76	1978		16	2006	29	1989	56	1966	0.96	1931
12/10	81	2007		14	1917	26	1917	63	2012	1.19	1992
12/11	74	2007		13	1977	30	1934	57	2008	2.63	1936
12/12	79	2007		10	1957	26	1962	58	1985	1.07	1983
12/13	77	1927		4	1962	26	1962	59	1927	1.30	1909
12/14	75	2015		13	1960	29	1958	62	2015	1.56	1999
12/15	75	1971		8	1958	28	1917	55	1929	1.75	1901
12/16	77	1971		7	1958	25	1901	63	1971	2.12	1893
12/17	72	1924		11	1963	28	1932	55	2012	1.35	1890
12/18	77	1984		10	1973	30	1919	55	1937	1.22	1959
12/19	76	1984		10	1975	28	1901	58	1924	1.40	1934
12/20	78	1931		12	1963	28	2004	55	1984	1.44	1946
12/21	74	2013		8	1963	25	1901	59	1923	0.95	1972
12/22	78	2013		9	1976	23	1989	64	2013	2.34	1908
12/23	76	1990		10	1989	20	1989	64	1990	2.16	1907
12/24	77	2015		6	1983	29	1943	66	2015	1.71	2014
12/25	75	1955		4	1983	19	1983	65	2015	2.20	1914
12/26	75	1889		5	1983	24	1914	63	2015	2.00	1943
12/27	76	2015		12	1948	21	1892	64	2015	0.84	1892
12/28	76	1942		9	1925	26	1894	59	1940	2.99	1958
12/29	76	1984		10	1917	26	1894	61	1954	1.94	2013
12/30	76	1996		0	1917	16	1917	63	2015	1.92	2007
12/31	72	1929		5	1917	19	1917	59	1923	1.49	1952
-----------------------------------------------------------------------------------------------------------------------------------------------------------------------------------------------------------
